 39  33  20  81
  9  77  14  47
 58  42  19  18
 15  76  23  72
 67   7  79  72
 43  83  29  26
 46   8  24  27
 17  26  33  70
 65  65  25  41
 44  50  63   4
 47  39  30  65
 35  25  10  35
 60  11  51  23
  6  24  29  28
 49  13  30  30
 72  26   5  66
 37   9  72   3
 54  69  38  61
 25  81   6  73
 51  18  76  24
 23  59  23  55
 67   3  51  19
 66  51  55  52
 80  56  16   6
 37   3  80  81
 38   0  55  51
 50  11  45  32
 70  72  72   2
  2  23  46  72
 15  44   1  50
 79  43  40  71
 79  47  67  42
 38  27  61   0
 68  34  48  77
 78  34   0  34
 56  82  60  61
 31   4  37  12
 34  33  55  68
 36  66  63  76
 57  49  67  65
 39  26   2  63
 80  75  65  34
 29   7  47  58
 28  26   6  47
 75  74  21  49
 45  55  11  28
 62  57  47  59
 10  39  45  13
 38  11   5   0
  6  79  83  47
 55  74  21  45
 59  36  26  46
 77  70  25  58
 55  27   3  77
 57  30  44  79
 71  66  21  75
 39   8  34  50
 38  79  79  77
 67   0  77   9
 69  24  10  28
 15   4  49   3
  2  37  30  45
  4  66  60  61
 12  76  43  15
 14  44  21  35
 52  67  41   8
  2  47  71  25
 39  63  60  65
 56   0  16  45
  9  40  13  64
 19  21  31  53
 24  25  72  75
 14  81  57   5
 27  17  53  14
 67  43  11  34
 25  18   6  62
 65  47  73  75
 46  83  35   2
 46  11  40  11
 61  80  38  35
 64  10  43  64
 75  15  22  44
 11  54  19  63
 66  10  75  14
 15   6  76  56
  2  55  50  51
 10   2  30   0
 11  82  50  62
 10  45  56  83
 78  31  75  10
 22  59   7  30
 79  79  45  16
 53  32  35  60
 73  58  51  14
 30  50  46  82
 19  65  18   1
 15  49   8   3
 45  31   0  67
 21  71   4  72
 25  18  27  47
  1  66  65  63
 49  83  28  43
 80  23  52  49
 71  59  83  16
  0  55  54  42
 53  34  45   4
 30  41  19   4
  9  79  62  28
 45  80  74  52
 34  61  72  74
 43  32  50  56
 74   3  54  57
 12  48  76  58
 36  47  36  67
  4  29  24  55
 32  73  53  43
 60  52  24  27
  7  52  52  78
 56  24   3  20
 24   6  83  42
 50  24  17  62
 12  19  51  21
 36  29  29  71
  1  71  60  45
 19  13   2  76
 22  13   5  29
 42  42  77  78
 18  50   7  77
 29  13  27  49
 62  53  44   8
 34  70  20  30
  4  65  45  23
 32  22  65  22
 39  26  43  19
 69  15  78   0
 25  37  12  75
 69  27  35  38
 47  23  23  48
  4  78  50  26
 21  33   3  83
 49  31   5  82
 40  49  27  81
 16   5   8  55
 20  17  14  60
 65  60  31  28
 51  48   3  43
 12  16  59  22
 60  70  53  60
 33  35  14  65
 38  45   5   6
 59  44  34  18
 33  15  38  17
  1   6  17  52
  6  38  73  60
 49   2  50  70
 37  36   1   1
 77  46  75  16
  7  53  38  39
 31   2   4  31
 45  59   8  28
  9  14  83   5
 75  49  72  63
 53  51  51  33
 76  64   2  56
 52   4  27  46
  1  71  38   4
 26  32   8  25
  9  33  47  81
 52  27  27  78
  5  46  37  31
 56  24  48  51
 40  30   6  47
 25  29   4  69
 43  52  25  80
 59  55  43   6
 68  83  47  74
 26  79  20  47
 26  29  76  16
 28  16  69  18
 55  77  37  59
 72  24  82  50
 63  46  48  49
 73  77  19  81
 73   7  68  48
 14  21  37   8
 71  35  20  13
 80  48  80   8
 64  75  11  12
 73  18  43  56
  5  81  81  53
 54  36  54  31
 27  65  51  13
 53  44  39  32
 73  27  48  67
 31  36  76  33
 64  60  31  63
 14  76  19  24
 43  74  35  53
 52  11  22  74
 59  10  37  17
 25  75  52  40
 22  54  44   9
 76   3  32  11
 51  42  73   5
  7  75  25   6
 52  32  33  52
 16  24  43  34
 65  19   5  53
 72  16  19  71
 28  31   9  64
 11  49   8  81
 64  22  74  65
 26  52   2  78
 21  67  70  62
 16   8  42  21
  5  61   9  60
 46  54  41  58
 33  39  50  64
 63  78   7  62
 40   8  82  26
 32  50  54  42
  5  19  38  64
 17   2  72  48
 45  48  22  80
 34  70  69  14
 75  46  27  76
  4  70  79  63
 37  17  20  24
 45  52  80  52
 11  14  42  38
 45  24  47  10
 72   1  83  46
 16  58  64  81
 13  79  26  37
  5  62   4  49
 55  63   3   9
  1  45  68  16
 24  23  34  13
 81  20  32   3
 64  24  43  22
 20  80  74  19
 57  19  34  30
 11  45  50  11
 52  17   7  83
 71  36  28  43
 75  11  12  32
 29  31  20  20
 40  66  31  30
 57  68  22  33
 59  75  18  77
 38  45  53  41
 30  68  67  51
 23  59  17   0
  6   3  75  49
 37  12  62  65
 13  19  45  55
